time,0,1,2,3,4,5,6,7,8,9,10,11,12,13,14,15,16,17,18,19,20,21,22,23,24,25,26,27
0,5.3452935,5.08032,5.5736103,3.0190358,6.458296,7.1401186,6.755805,4.9387155,6.6840887,5.7629833,3.491339,4.5462084,6.202149,5.623061,7.0360956,4.834516,7.665186,6.6979628,3.4466226,5.8509827,5.377683,6.9644322,7.898051,7.619275,,,,
1,4.7981596,6.008341,7.101519,6.5365024,4.816582,5.90005,3.769906,5.7773976,6.492648,4.6056495,5.169752,6.5805125,5.7296076,6.1472454,6.2634387,5.842696,6.5151105,4.104903,3.725699,7.3156705,6.3183737,4.5170474,7.2285647,5.338035,,,,
2,2.0358415,0.72020423,3.400037,1.7248535,3.377762,2.2978349,0.8632626,3.6493096,1.69668,1.3330626,1.9896507,5.3604136,3.3410006,3.0861516,2.0773072,3.4547641,3.606234,1.9856734,1.1518719,1.5013454,2.5470343,2.905605,0.5346623,1.6399384,,,,
3,2.7928073,1.3408201,1.1947188,1.4034911,1.4005108,1.9318396,2.0904336,1.5569031,0.62771887,1.6487552,1.3280885,1.5598937,2.523908,2.1172776,2.3063295,1.5132045,1.1712184,1.22418,1.8832189,0.9500157,0.6185907,1.2284999,0.81064373,1.817318,,,,
4,0.69623655,1.4013727,1.6579973,0.65109456,0.61848694,0.6917088,0.7770184,0.23587616,1.6533864,0.37005574,0.42672458,1.0123546,0.67013997,0.31736422,0.18944652,1.3990362,0.9808372,1.0720246,0.2895127,0.5757854,1.237545,0.46227115,1.1038432,0.052016534,,,,
5,0.43098226,0.09181039,0.43332922,0.23484808,0.62665963,0.08598462,0.5095523,0.26990655,0.012461538,0.0009346153,0.29333422,0.26626155,0.43308002,0.3376869,0.30761307,0.027301151,0.39129227,0.013416922,0.008276538,0.0,0.09594346,0.049337305,0.31160074,0.4939546,,,,
6,0.35624424,0.98075414,0.66497886,0.6148835,0.24140078,0.73245806,0.7063096,0.1692277,0.0049534612,0.58679307,0.17969538,0.17504308,0.15501115,0.38713843,0.3488919,0.14934112,0.064644225,0.30570227,0.83419615,0.34813386,0.37445882,0.58317924,0.9798299,0.21071424,,,,
7,0.38907,0.06868385,0.54189,1.3580272,0.43590456,1.0235078,0.82035345,1.1616336,1.2682939,0.46471152,1.2500064,1.0501338,1.3830127,1.5466431,1.0729904,1.1363676,0.51878417,1.1738042,0.7756477,0.48922956,0.78803647,0.17185499,0.9288623,0.4042315,,,,
8,0.6023804,0.8856207,1.5985038,0.90311885,0.4559677,2.134163,1.168051,1.4257869,0.7372142,2.3709636,1.8763231,1.9581126,2.3483975,1.90485,0.3983954,1.7882619,0.62093765,0.26322922,0.5512257,1.0496873,0.72006917,0.47891766,1.3850896,0.86497617,,,,
9,0.56814224,1.9336466,0.919433,1.4638568,0.77361226,1.0900108,1.7309388,1.998436,1.1505843,1.6074243,1.2142004,1.5752318,0.7975903,0.7702166,3.2908118,2.5653634,1.6033742,1.4449672,2.6502886,1.2707653,1.5110341,1.822666,1.4502323,2.6480043,,,,
10,1.8780785,2.2718837,2.7090242,2.524147,2.1852968,0.60667956,2.7292845,2.584928,1.5441611,3.159935,2.3958347,1.7555606,4.0324707,2.9884012,4.2070255,1.4044671,1.5032666,2.7983732,2.2174997,2.0228298,3.9755938,4.961842,3.0515294,2.0444815,2.1835835,2.1747358,2.4994626,1.3604572
11,3.7533631,3.464349,2.710426,4.227961,3.0780935,4.825627,3.370462,3.7182012,4.696494,3.9934247,6.160777,4.149225,1.3836564,2.918835,2.3900294,4.1921034,4.6482577,3.1839957,2.5876591,3.432063,4.562751,2.0455408,2.3625414,3.3950217,,,,
12,4.2018642,6.3807645,8.488592,6.40171,7.6979594,7.111021,6.594635,8.010952,6.085447,7.711719,6.998203,4.931155,3.903286,6.0043216,6.0182376,5.1295633,6.2877293,8.235592,5.600153,7.0709887,5.690364,6.4577765,5.725703,7.1499944,,,,
13,6.5982904,6.5356607,5.6375275,7.1003246,5.9379644,5.8932376,5.935452,6.3012595,5.2972236,4.575202,5.5180616,6.8819265,5.287234,5.564648,4.9812503,3.9444299,5.0886693,6.0879803,5.9920373,6.7337165,4.895463,4.490536,5.6246185,4.207223,,,,
14,2.1998873,2.7970128,1.5419492,1.417988,0.9906299,4.0566564,2.8823118,2.7789645,4.123762,1.9227321,2.6892934,2.8904016,1.1055357,3.5775828,2.2007492,2.1283994,2.5809712,2.5369928,2.2886655,1.6655262,2.4548297,1.5756265,2.7961926,0.65242386,,,,
15,1.2837046,1.226444,0.97257113,0.8930457,0.14346346,0.6982511,0.9127143,1.6760976,1.2669438,1.1876261,1.2990946,0.5262092,1.0120742,1.0453674,0.96884304,0.6029931,0.61966044,2.5242093,1.1396699,0.57716656,0.74258304,1.0476934,0.8576757,0.26327077,,,,
16,0.03910846,0.1773381,0.54276234,0.1359554,0.7096119,0.6472108,0.13525961,0.18714115,1.1616647,1.5686895,0.6895384,1.7435874,0.23867996,0.32229695,0.27042577,0.4434646,0.5145369,0.6711681,0.8044338,0.49450496,1.216433,0.94268423,0.58065575,0.5986003,,,,
17,0.22528385,0.7711719,0.6821757,0.39047194,0.14969423,0.5595957,0.058756147,0.72381806,0.4338692,0.14268461,0.26737267,0.23020616,0.20138884,0.64669156,0.65133345,1.0748075,0.31110227,0.035702307,0.34920347,0.06354346,0.15907152,0.4725208,0.98753536,0.26684305,,,,
18,0.016283074,0.7343273,0.39840576,0.36992073,1.0479946,0.35710615,0.7184907,0.27153692,0.15588346,0.18410882,0.8252342,0.16215576,0.26285538,0.154575,0.5288262,0.6090265,0.16286191,0.20240654,0.61680454,0.6511258,0.39531115,0.0855796,0.5421288,0.3723715,,,,
19,0.20994578,1.6139042,0.39038885,1.143585,1.6422646,1.2771623,0.23225194,0.4789073,0.9396207,0.9197446,0.86592114,0.9710654,0.7882234,0.87858,1.4017049,0.77129656,1.4269189,0.5949034,0.5525757,0.32946232,0.40786615,0.5568958,0.32375076,0.5231562,,,,
20,1.3992437,1.0886918,2.4146514,1.2310961,1.9185265,1.479735,0.43708846,0.91100067,0.8969608,1.2084681,2.6132784,1.1766703,1.2642127,0.9072103,0.44446152,1.4190786,0.5584846,0.88394886,1.1309988,0.76198155,0.72644526,0.6391938,1.1505011,1.4921341,,,,
21,1.6544874,0.7273592,0.8779569,0.6717807,0.3670546,1.9553711,1.5160292,2.0549598,2.0775359,0.9366092,1.8076915,2.2766297,1.7238772,1.2276795,1.7925403,1.1914061,1.4569823,1.7068568,1.4404603,1.6461173,1.8145764,1.1197419,2.6686902,1.3186799,,,,
22,2.9657423,2.0915654,1.987335,2.4120138,2.4897013,3.761318,3.243271,5.121048,2.7008204,4.8659506,0.7245969,2.704247,2.5582187,1.5491145,3.6568174,3.5810206,1.9856421,2.72457,2.3840687,2.5243547,1.63971,2.4009748,1.6553594,3.301124,2.434268,3.1111474,2.0683246,2.4332087
23,3.6902661,4.713224,3.8640738,0.7179715,5.571606,2.7308006,3.1659575,4.940221,5.3447013,5.2537947,4.9030232,3.7394063,3.4273074,2.663342,3.0636587,6.2105813,2.2447073,3.0250485,2.828167,4.0589304,2.8806193,5.374318,3.6500676,2.3958864,,,,
24,5.0697584,4.0475388,7.725904,6.260449,6.477445,7.8097916,5.0586367,7.4276376,8.187417,4.342098,7.0991,5.2973585,7.364219,6.612611,6.1641,6.04909,7.7274,7.894768,6.962292,5.5491333,6.596619,5.8977237,6.008975,7.1431613,,,,
25,6.682967,7.1646366,7.099338,6.6890006,7.194056,5.625824,7.8162923,6.9712024,6.6655416,7.750173,4.9836597,6.2298555,6.239253,6.5722456,7.368622,7.2681193,6.794706,7.783082,5.0427375,5.4736786,6.6579294,5.527575,6.2355466,5.3081064,,,,
26,3.3696518,1.8042645,4.582492,4.0107565,3.6257882,4.5095706,2.5251231,2.0410857,3.3807635,4.066792,4.5263834,4.183993,3.2681837,5.229817,4.381394,3.6579702,3.3670974,1.9201152,2.8584795,3.7279317,3.4034848,3.9346166,3.222502,1.3205183,,,,
27,0.9119042,0.3407296,0.5310484,0.7769769,0.7595516,1.0297489,0.62816536,0.5461996,1.0412343,2.0035555,0.7877665,0.83115345,0.61263,0.33727154,1.9214445,0.83387417,1.5076696,1.6182345,1.2881181,0.16357844,1.0788991,0.8285157,0.8331058,0.98505336,,,,
28,0.56478804,0.6721027,0.7510569,0.3605123,0.3659123,0.19690268,0.78089184,0.23927194,0.435915,1.127115,0.19758807,0.42155308,0.014060769,0.14502114,0.5778935,0.18759806,0.7408073,0.80633414,0.66040957,0.14989154,0.5466254,0.46419233,0.09827999,0.85816383,,,,
29,0.81289726,0.039710768,0.62922454,0.28847423,0.082194224,0.01458,0.4834142,0.29784113,0.66244507,0.035473846,0.74086964,0.24447462,0.71107614,0.9495693,0.21105692,0.9438889,0.2054804,0.00031153846,1.1345712,0.37929806,0.34603614,0.16347462,0.23383038,0.54497427,,,,
30,1.0954938,0.5394703,0.016428461,0.27260655,0.72421265,0.3283096,0.35527843,0.36550727,0.2274542,0.24239768,0.050323844,0.09549692,0.43354732,0.172935,0.44402537,0.16788808,0.52715427,0.10365923,0.114272304,0.67274654,0.25088194,1.1294204,1.0115966,0.61165386,,,,
31,0.39467767,0.77545035,0.40724307,1.301483,0.9263077,0.3542711,0.9259236,0.9694766,0.8352554,0.68579996,0.212625,1.340498,0.88039726,0.28635576,1.3894095,0.056180768,1.746495,1.3411002,0.65117764,0.13793884,0.31674114,0.5229069,0.5557846,1.1260557,,,,
32,1.5902792,1.2974848,2.4315886,1.4704304,0.7878808,1.6880813,0.695385,1.0712458,0.7370272,2.032477,1.5811926,1.799581,0.7514826,1.4109887,0.78439146,0.39542538,0.918893,0.71204185,0.6592465,2.8148642,1.2824688,1.9539487,1.1608961,1.3284934,,,,
33,0.798878,1.8775697,1.0127596,0.5596373,0.6341781,1.2935908,1.5723656,2.3052497,0.7616699,2.5426936,1.0772169,1.5848688,1.4494637,1.1603458,0.8894216,0.937658,0.94430417,3.719406,2.2368774,0.5005592,1.2091327,2.5325274,1.8546818,0.7931561,,,,
34,2.6303606,0.90825915,1.9139884,4.580083,1.4309584,3.0856118,4.569833,1.1627758,2.4767306,2.1790557,2.9661992,1.5445246,1.6269681,4.302097,3.7292504,4.8729496,2.2268977,2.1086895,1.8441519,1.7648239,1.1883011,3.1280746,1.7290488,4.1032314,1.5202245,1.4202104,2.6176708,3.2238622
35,4.4634843,3.050543,2.038479,3.48786,2.0601103,2.9896474,1.2343674,4.010206,2.9458246,5.2875037,3.3940141,3.8403761,3.7378798,4.790143,3.192137,3.4754295,2.4938548,3.8602004,2.760989,2.850234,2.1467283,3.5070713,3.9975164,2.4206743,,,,
36,6.738255,8.543703,4.7544928,4.695819,5.432784,3.179686,6.8224115,5.9547663,4.422205,5.309799,4.8313594,5.6341,5.291356,6.6393104,5.2569003,4.667095,2.8608992,6.4702277,7.841682,7.4015512,5.9375906,4.5996885,4.5353975,5.908898,,,,
37,4.904145,3.7687743,4.130086,7.284101,3.310885,3.1402245,6.966021,5.325885,6.001051,6.2660666,6.0871286,5.8637977,4.888194,6.5467105,4.3517976,5.3618884,5.5975046,5.4757147,6.054968,4.614632,6.573596,4.908963,6.0893407,5.616592,,,,
38,4.182736,3.4336107,1.5795103,1.2286246,2.9524913,2.3240144,1.5367776,2.9942997,2.9274333,4.06513,1.2737459,2.3219585,2.2175825,2.027357,2.1610696,2.9132066,2.8751986,1.9413414,2.2061594,3.380971,1.6044647,2.549371,3.2646532,1.7175841,,,,
39,0.52361304,1.3522846,1.5888566,2.372957,0.5497096,0.41860387,0.60615,1.8903115,2.4851837,0.7445561,0.83150643,1.0523146,1.3005068,2.0888028,1.0219188,1.2765081,2.2811155,1.7114054,0.09476999,1.1694738,0.8635327,1.0931365,1.484948,1.1369493,,,,
40,0.6454454,0.2151796,0.3100742,0.9530999,0.68966305,1.0455232,0.499178,0.123794995,0.7679112,0.9544292,1.1422973,1.4467328,0.69357806,0.092693076,0.58164227,0.55096614,0.3772523,0.16045268,0.50983274,0.55573267,0.45246807,0.15885346,0.29390538,0.38322347,,,,
41,0.64971346,0.41449153,0.23981193,1.2102127,0.8567411,0.024860768,0.33976382,0.2418577,0.6934119,0.07368922,0.21555346,0.28661537,0.005690769,0.30249345,0.52724767,0.09574615,0.058423843,0.03843346,0.60415614,1.0274538,0.58443576,0.28361422,0.10269345,0.52475536,,,,
42,0.45626885,0.29961693,0.494505,0.6937858,0.09424038,0.93022263,0.09690923,0.6771392,0.05660654,0.6549992,0.7431438,0.41785616,0.22617692,0.7876835,0.60769725,0.12830192,0.50537765,0.5680176,0.020426538,0.6183311,0.44343346,0.70092,0.41137615,0.4138269,,,,
43,0.452115,0.28607538,0.31781074,0.7697804,0.47150308,0.042389996,2.1469464,0.7831558,1.4322357,0.17254037,0.8973865,0.7488346,0.597728,0.69972575,1.0876534,0.68864536,1.2061836,0.4877031,0.8721519,0.30214036,0.023926152,0.27341655,0.32714653,0.71979916,,,,
44,0.678188,1.3671969,1.0222199,1.6448607,1.445123,1.1589125,0.749115,0.5965961,0.5886207,0.79075724,1.89,0.59180886,1.777462,1.1505218,0.83503735,0.06890193,0.4105869,1.4011027,1.0958989,0.6719157,1.6190447,2.1040685,1.7169819,1.5539746,,,,
45,1.4208127,2.4807703,0.72259265,2.6580875,2.1652753,1.2285519,1.4305533,2.3456252,1.3450258,1.0101842,1.8978094,0.30912924,2.3869143,3.1204524,0.5570723,3.8082564,2.4641342,1.9045073,0.95388913,0.46708962,1.7509605,1.6696073,2.6810374,2.0951583,,,,
46,1.8501748,1.0319607,1.9718827,1.3639776,2.113051,1.1994958,0.8572916,2.3556356,3.1146162,2.3709426,1.9980414,3.3801715,2.1379845,3.5329397,3.1377738,1.1638453,3.4783995,3.5972414,2.9670715,3.673734,1.3776542,4.7051754,3.6748452,4.070447,1.9061272,3.2835324,3.0927773,1.6762223
47,3.2959628,3.552878,3.881738,3.9231105,3.4444628,2.4938343,4.4584475,5.009486,3.149259,3.0949786,2.1876957,5.878087,3.5325968,2.619945,2.8243244,2.4242053,3.338685,3.5404475,4.7203684,4.4772334,3.448741,4.3054404,4.977221,4.3033743,,,,
48,4.8581095,5.4103847,5.5994053,7.0717053,4.594289,6.388273,3.8236983,4.458219,4.1527348,7.2003913,5.5896125,4.7872868,5.9566355,6.680859,4.490837,6.5146327,5.6037984,6.060461,5.746566,5.8270984,6.9704647,5.9914975,5.3926063,4.569792,,,,
49,7.627541,6.34689,6.5754137,5.3512125,5.0947957,6.0623617,7.075298,5.860132,5.4900236,5.2120175,5.082407,6.1169124,5.8311586,5.536786,5.8285213,7.213994,4.360635,6.3863406,5.4862337,4.450046,4.637302,6.480862,6.1482534,7.046024,,,,
50,3.6677732,1.912576,1.6927855,3.9716685,3.9051867,4.9591208,1.6655364,3.182926,3.6908686,3.061021,3.0590684,4.1549153,3.6989276,3.899184,1.8679326,2.448038,3.9769754,4.8828044,3.5218902,3.7630727,3.8141444,2.957798,2.285716,2.3654494,,,,
51,1.1901911,0.91123956,1.1263362,1.4580518,1.0120119,1.4435343,2.9250135,1.2402139,1.3255858,0.6928407,0.66523844,0.99156463,1.1023165,0.49713227,0.46125346,1.4407616,0.5440292,1.2185099,0.7040769,0.8626084,1.2062665,0.9622176,0.48263535,1.03275,,,,
52,0.5965545,0.7069846,0.11469808,0.01917,0.19846037,0.92579883,0.23315538,0.4174511,0.38118806,0.8643115,0.07518461,0.60780114,0.6503781,0.03603461,0.14811577,0.13963152,0.04271192,0.12826039,0.13593462,0.6328176,0.84187037,0.053158842,0.25895074,0.4525719,,,,
53,0.34392804,0.030769615,1.021898,0.24789116,0.24895039,0.63109386,0.027166154,0.5365626,0.15727499,0.3955396,0.008183076,0.28420615,0.8218903,0.050033074,0.17433691,0.0075080763,0.05103,0.938956,0.11250692,0.14118925,0.006781154,0.08344038,0.82981384,0.039253846,,,,
54,0.41339076,0.02290846,0.15997499,0.80095494,0.15995422,1.2094338,0.27530655,0.11368037,0.03846461,0.27715498,0.17753538,0.23997808,0.47049576,0.07157077,1.3836253,0.95478225,0.9424142,0.7438915,0.045266535,0.57905656,0.003821538,0.6442303,0.31729153,0.5313808,,,,
55,0.18746306,1.120448,1.1843549,0.33403155,0.72731775,1.3933971,0.83968955,0.39700383,0.1675246,0.49801496,0.7192384,0.43468958,0.28391534,1.4943358,0.24738231,2.1712048,0.8825572,0.10632806,0.9214269,0.9602757,0.7232053,1.893697,1.1238439,0.06339808,,,,
56,0.8084526,2.1407468,0.28156847,1.3038716,0.16620575,1.7981375,1.2578781,1.1574796,1.4820921,1.7108134,1.3483074,2.8098378,1.3943007,1.2962388,1.0465305,0.35823807,0.9994361,2.7058778,0.717795,0.40711844,1.0787435,0.9400569,0.23339424,0.7695207,,,,
57,1.6430329,1.5133291,0.9455399,2.418016,1.7423307,1.1428891,1.8000276,1.115048,3.993217,2.292217,1.3447143,0.59681416,1.1867537,1.098495,2.897671,1.3449012,1.5257283,0.90759456,2.623694,1.3833658,2.2338345,2.6875904,2.37546,3.009181,,,,
58,1.8555335,2.2279778,2.9257097,2.9866257,2.428515,1.8894598,4.795989,3.0760164,3.2093236,3.8629315,2.4710505,2.0367658,4.716547,2.1765428,2.1807692,2.5358608,2.8702867,1.1969826,7.0928373,1.1843861,4.3440404,3.2085137,2.4403534,2.123062,1.3090117,3.2776647,5.278967,1.688206
59,3.5260026,4.0065923,2.6831458,3.1481688,4.2867794,3.8953936,3.0689757,3.5229185,5.206773,5.3337564,6.6453753,2.9001842,3.0203757,1.8557099,1.689307,3.6758733,6.775577,3.9020503,4.5619717,2.3589692,4.265377,3.7668428,3.3097742,5.2047586,,,,
60,5.094277,7.300301,4.7987103,6.3652706,6.878499,6.57532,6.745618,5.0033493,4.7626753,5.7490582,8.227242,7.2015123,6.4417114,4.763496,4.8696675,5.5262356,7.2739763,5.0811086,6.23322,6.042081,6.673476,6.541809,8.25364,5.4809375,,,,
61,7.1340847,5.88384,6.810812,5.2538986,4.8071737,6.3051853,6.7081394,3.797228,6.620743,6.0199404,5.668681,6.1278787,4.766424,6.3683753,5.7936497,5.0039096,4.078443,6.423861,6.514134,6.5567217,7.1537123,5.4869714,5.450729,4.766175,,,,
62,1.3612568,4.8249,1.6933362,3.6912322,1.7319982,0.442125,0.7877665,0.70661074,2.4027922,1.0905715,2.831168,1.9614981,2.9189696,2.057992,1.9285268,2.9721081,2.7452142,2.430945,1.3354926,2.2467945,1.984687,1.6800439,1.9016931,1.9345084,,,,
63,1.698435,0.82443464,0.8888607,1.1216735,1.1747493,1.191863,0.53195196,1.0412757,1.8768011,0.6801611,0.98573875,1.6823281,0.9957391,0.68356735,0.2783077,1.3576431,1.1415598,1.2474622,0.7790642,0.54436153,1.5189888,0.9613765,0.60954577,1.2797585,,,,
64,0.4465073,0.96157384,0.84866184,0.05844461,0.44926962,0.17160577,0.26048768,0.35755268,0.7303085,0.03687577,1.239757,0.089286916,0.43801266,0.47167963,0.4168592,1.0390638,0.43189615,0.18419193,0.59664804,0.55611694,0.3799938,0.2549527,0.0072173076,0.5498134,,,,
65,1.2364131,0.12663,0.7262481,0.9591023,0.7218138,0.63520616,0.0030530766,0.3016004,0.3993715,0.2804677,0.59219307,0.66519684,0.4470369,0.46660152,0.17456539,0.9208765,1.2887827,0.15849,0.35135305,1.1845003,0.56019807,0.18369347,1.3996177,0.018733844,,,,
66,0.33023077,0.7813695,0.3282577,0.52984387,0.4370988,0.50648886,0.58918154,1.0709239,0.68788725,0.9167434,0.4675569,0.108581536,0.61881924,0.15230076,1.0870097,0.43066037,0.14138652,0.9550938,0.092724234,0.29359382,0.22162846,1.1296073,0.28554577,0.40469885,,,,
67,0.43812686,0.7482323,0.25730997,0.66706616,0.880875,0.75896996,1.5886489,0.73282146,0.91288036,0.6074792,0.36153,0.6401077,0.65286,0.5610392,1.2359666,0.99834573,0.5562726,1.6488483,0.5228757,1.2144288,0.8687872,1.0667908,0.6094523,0.53690535,,,,
68,0.7711926,0.9159334,1.6374047,1.6365529,1.3713506,0.6069081,0.45192808,0.63625497,2.2224946,0.95994335,0.76133764,1.4299718,0.9182077,0.82762265,1.18557,1.0431451,1.518428,1.3279845,0.31631538,1.063156,1.2356447,0.6330565,1.0696776,1.1959443,,,,
69,0.8023777,3.1328723,0.6753115,1.379835,1.9109249,0.9025166,1.1834723,0.5445381,1.552884,0.7908093,1.4376254,1.4610842,2.0772555,0.6959353,1.7474504,1.3739988,0.6306473,0.7816292,1.3314012,0.88086456,1.2874119,1.5440158,0.93583035,2.7034166,,,,
70,2.2545,2.0195377,1.165777,1.8328952,2.3356454,3.9148026,2.9675493,2.3498826,4.6506977,3.4126856,1.5333403,1.3893679,1.759372,4.0206013,3.1230276,4.324974,1.1667634,2.7832015,2.1196556,2.3963435,3.388957,2.1165507,3.0874915,1.3462408,1.7780019,2.5540543,3.165906,1.8562914
71,6.2901073,4.1831927,4.698789,3.0165854,3.6690924,3.4731348,2.923103,5.4665656,3.856472,3.557738,4.125081,3.3847508,4.0774045,3.5248601,3.8012884,3.6522799,4.9299197,2.6466851,3.11013,2.5266078,5.709306,4.3056173,3.0584147,4.7532663,,,,
72,7.0125647,6.765753,7.3159823,7.252792,7.5974154,4.6786017,7.8126783,5.6191254,9.04579,6.3511577,6.5845313,3.8946462,5.2826953,5.830245,7.9190683,7.295545,6.759491,7.377999,6.0830894,6.664909,5.2274175,5.3913393,5.8791146,3.9704535,,,,
73,7.2186785,6.6941304,5.964175,6.2709885,7.029045,7.1393914,6.383662,7.4930086,6.4788265,5.764801,5.0509725,7.231835,6.864677,6.948398,7.563042,5.5930605,7.259531,5.3475165,6.4885254,7.7780457,8.662638,5.838677,7.910044,6.072144,,,,
74,3.461587,4.0016074,4.5822325,5.781499,3.233198,4.0960345,4.94343,4.237473,2.57364,4.909493,3.2430842,4.3403955,3.2889943,4.6064906,2.4921622,3.3767653,2.7779465,3.3262444,1.8754615,3.4988365,1.3557115,3.8546548,4.1824665,3.8496804,,,,
75,0.9365781,0.93984926,1.1184646,2.010742,0.9991143,1.283123,0.3778442,1.1030331,0.65911144,1.0611622,1.3654107,0.71617496,0.4940273,0.7444003,1.2286142,0.9486138,1.0589504,1.6449647,0.4155819,0.84005314,0.52168155,1.6888084,1.0622734,1.3669477,,,,
76,1.1812603,0.5126469,0.37312964,1.0742157,0.35995153,0.03537,0.3382269,0.4124769,0.28258616,0.112029225,1.3573108,0.5490242,0.33015808,0.42786694,0.759863,0.42257074,0.12705578,1.3116391,0.10400191,0.39003578,0.4104935,0.5911131,0.21896999,0.072972685,,,,
77,0.36271384,0.034985766,0.33073962,0.20699652,0.65303653,0.6712719,0.48257306,0.14109577,1.4516135,0.0037384613,0.036200766,0.6493499,0.48182538,0.11357653,0.34458226,0.6779388,0.02518269,0.89425033,0.014538461,0.28820422,0.716445,0.35354424,0.42312115,0.17659037,,,,
78,0.3048404,0.0138323065,0.82567036,0.75709033,0.27136037,0.1760296,0.00031153843,0.009595384,0.7095496,0.10413691,0.037945382,0.0054726917,1.1484554,0.7253238,0.37487417,0.01671923,0.14807421,0.39161423,1.0332173,0.55244076,0.055827692,0.45931152,0.08306654,0.6395573,,,,
79,0.4826873,0.57198465,0.8628577,0.8845824,0.95628804,0.8853923,0.19784768,0.73508537,0.120326534,0.6094419,0.17558306,0.29228538,1.1346127,1.7559034,0.5524615,0.15973614,0.26485962,1.5084172,0.15920654,0.5068315,0.80960536,0.46059924,0.9458619,0.3212896,,,,
80,0.9905573,0.7961365,1.3956299,1.0546824,1.0846107,0.75400615,2.165566,1.1673036,1.220753,1.3817042,2.2484872,1.9995992,0.6864958,0.971865,1.1703877,1.7319045,0.4928123,0.5116396,1.1961519,0.5202588,0.8218175,1.2387702,1.0639246,0.46475303,,,,
81,2.1460843,2.493107,1.5380757,2.9410682,1.2181879,1.542188,1.8224584,1.3066442,0.46613422,1.2543888,1.0614946,1.152713,2.570068,1.5051252,1.782488,1.9989656,3.5676763,1.2708068,0.9856557,1.02033,0.42250845,0.8728788,1.189298,2.201476,,,,
82,1.0215657,3.2793577,0.9462565,1.654134,2.5040114,1.5157903,4.1407194,1.9646341,5.731747,3.3847616,4.6872516,3.1661131,4.4130254,2.8137114,2.9434984,2.1795645,0.7932911,2.2329414,1.8828553,2.574024,2.2381544,1.7094325,3.1175761,2.5472836,1.3276004,0.96141803,2.690664,1.8021252
83,6.045196,3.229989,5.034814,2.9627829,6.7114725,3.1026945,6.0022864,3.9990323,4.368205,5.8821363,4.903678,3.093037,5.289975,6.016026,4.991874,2.9382439,4.500069,4.7204304,4.7853346,7.041486,6.6782837,3.8296902,2.9966052,2.2639914,,,,
84,7.334197,7.09371,5.6894813,6.8477917,6.2555776,7.448989,8.544045,4.736132,6.995419,6.694276,7.105569,7.544787,6.7120748,5.6974783,3.9723642,6.7480373,7.379038,5.1778316,7.138883,5.2342505,5.709441,4.6132717,7.1595273,5.779838,,,,
85,5.1405406,6.4487314,6.7345057,6.0457253,7.1640964,5.8092265,5.3997617,7.356326,5.3964796,8.572811,7.7684293,7.689351,6.4312963,6.15628,5.2623105,6.1300383,6.140361,6.9212213,4.919244,6.382021,6.907929,5.582125,5.8330173,6.5199285,,,,
86,3.6395376,2.1393244,3.9775984,1.8482435,2.613735,3.0638354,1.8372046,1.4273548,2.6512651,2.8292677,3.111054,2.0269625,2.5738995,3.0299606,3.3921556,1.5129138,2.5183833,3.5230742,1.6420465,2.282372,4.29164,1.7992799,3.3784163,2.6714735,,,,
87,1.2365481,2.8943167,0.86128956,0.63601613,0.19983116,1.0520965,1.3085757,1.9112364,0.6023907,1.3202481,1.1562647,0.63211155,0.6938377,0.68017155,1.0032369,1.8694072,1.042418,0.66314065,2.104972,0.8492434,0.87841386,0.16033843,0.92624533,0.71466917,,,,
88,0.7191346,0.60516346,1.3861072,0.3133973,0.72565615,0.6377401,0.4080323,0.048257306,0.5407061,0.3584146,1.4812719,0.1546373,0.17038037,0.17052577,0.15738924,0.09381461,0.10229885,0.19965461,1.1438757,0.50931346,0.5985173,0.70517766,0.09348231,0.57240003,,,,
89,0.11063768,0.7965104,0.105663456,0.28662574,0.42508382,0.16016191,0.6423092,0.74913585,0.23316577,0.042234227,0.11525884,0.44669423,0.63412607,0.0,0.06508039,0.2821085,0.17331924,0.49834728,0.26651078,0.1808273,0.36581883,0.24447459,0.15766962,0.8618815,,,,
90,0.26879537,0.15975691,0.4046573,0.49477497,0.16033846,0.16170923,0.38937113,0.38787574,0.23015422,0.052525382,0.04731231,0.30721843,0.57060343,0.20652921,1.3802711,0.6541166,0.66573685,0.056159995,0.136755,0.01874423,0.030686539,0.68377495,0.14567536,0.16939384,,,,
91,1.8009001,0.32953498,0.4755635,0.36863306,0.4399131,0.8854753,1.5266942,0.3246023,0.085662685,1.3050449,0.38239267,1.0969166,0.17433691,1.0278796,0.8819654,0.8811034,0.40631884,0.3097731,0.33071882,0.23027882,0.94802195,0.36020076,0.027841154,0.32570308,,,,
92,0.36384577,1.4003551,0.9345635,2.0631738,1.3323874,0.94825035,0.749198,0.5114527,1.13967,1.3532295,0.5719846,0.45925963,1.0306108,3.254445,1.7144896,1.4431498,0.47491962,2.2276971,1.0699372,0.09767769,1.2910154,0.93354577,1.9746138,0.991876,,,,
93,1.6233647,2.8206694,0.3877823,1.6543628,1.0015752,0.60843456,2.3320835,0.49082884,1.8582336,2.4403534,1.856198,1.8820453,1.07622,1.5810161,1.773578,1.4763287,2.3699975,1.8379731,0.24506654,2.5123396,0.8790473,1.7747929,1.9082353,0.2535196,,,,
94,3.03804,4.2078876,2.217219,2.1626792,4.362816,1.8366127,1.5040349,1.1197315,3.457506,4.5608716,3.3148832,3.210954,1.6835227,3.80646,1.1708757,0.9348438,1.7641591,4.6943655,3.7851193,2.2042177,2.1792529,2.8330476,2.0148335,2.745734,3.4767797,2.4587343,3.0546968,2.1611733
95,2.7038217,2.6080234,3.6340754,3.7364054,1.0520965,3.9094338,3.5923085,3.698605,2.7363667,3.0580823,6.017677,3.222969,4.6448517,4.8506536,3.430682,4.8917766,2.805248,4.5921183,5.8358107,3.9668298,2.8954802,3.0669196,3.8279142,3.7618473,,,,
96,6.1023326,6.575144,5.0175967,5.512195,5.4835234,6.50349,5.9756083,4.56598,4.3881025,3.5237074,3.5260024,5.2325583,4.930428,3.2842386,5.754863,4.9816036,3.3529432,6.6725307,3.604095,5.755486,5.598045,6.552266,5.073456,6.552536,,,,
97,6.6759267,7.3854036,5.791033,5.9786305,6.625073,4.3061056,3.7929804,5.5621347,6.529887,4.7561016,6.1038585,5.204613,4.363563,4.0297704,4.6984777,5.242195,5.373197,6.035486,4.5969057,6.0301695,7.362079,6.8578334,6.933278,4.477929,,,,
98,1.3621812,0.83354187,3.001029,1.3933142,0.9265465,2.027534,1.1556001,1.3609246,1.2076166,1.474989,2.4379132,2.295706,2.0362463,1.5272654,0.823988,2.0165675,1.4388093,1.7565058,1.4932246,2.296111,1.3097389,0.85746807,1.0593139,2.143478,,,,
99,1.4200753,1.40832,3.9307637,2.5348117,1.4190369,2.0227983,2.6998754,0.79766303,1.6382978,1.5176492,2.4767618,1.3101853,0.98298687,1.581847,1.8076915,0.8441654,0.3504496,0.85499644,1.3048685,0.9429958,0.70051503,2.0758326,1.3204038,1.8014296,,,,
100,1.3700942,0.6171265,1.5572249,0.8395857,1.4382796,0.9451662,1.0282118,1.27602,0.1212923,0.5813931,0.46930152,0.22937538,1.6873753,1.1327331,0.22745422,0.27717578,0.4204523,1.2527791,1.1237919,1.036748,0.3740954,0.48443192,0.26585653,0.07806115,,,,
101,0.49296805,0.65324426,0.15718153,0.25643766,0.10524808,0.19690269,0.2517023,0.18226036,0.36067846,0.31847537,1.0627097,0.53438187,0.81365544,0.21842997,0.42862496,0.5624931,0.08932845,0.87707424,0.39757502,0.07233923,0.3788619,0.072380766,0.46619657,0.34821695,,,,
102,0.31087384,0.36626536,0.3264404,0.84960693,0.23589692,0.36255807,0.013925769,0.12931961,0.20700693,0.49678963,1.2645657,0.18691267,0.050458845,0.30723923,0.6884481,0.0910627,0.9213127,0.41817805,0.7871746,0.2552123,0.3470642,0.5802923,0.5786515,0.86939996,,,,
103,0.95488614,1.1829219,0.90237105,0.99929076,0.25385192,1.1599822,1.3261985,1.351111,0.03926423,1.3847365,1.0546304,0.8227627,0.16295537,1.2644308,0.41441882,1.1071036,0.544455,1.7773165,0.92930883,1.390178,0.57286733,0.36411577,2.147881,1.3285766,,,,
104,0.70350575,0.8272177,1.1501895,2.2831197,1.3027605,1.4787276,0.94224805,2.133249,2.5260367,1.2994683,1.8256049,1.2753762,1.9195651,0.8266257,1.647405,0.38246536,1.3597096,0.8609054,2.6067774,1.4630158,0.8013184,0.7691262,0.8184011,0.91128105,,,,
105,2.9876437,1.7401292,1.1809903,1.514243,2.293764,1.9839079,1.3585776,2.5452483,2.4739995,1.7716982,2.0837352,2.491685,1.2204,0.43334997,1.6998785,1.9564304,1.2648253,1.8890445,1.2044595,1.1534919,1.2950237,0.65195656,1.4777411,1.8752952,,,,
106,3.4712858,2.3304324,3.382934,1.2705369,4.80519,1.3151284,1.5112834,3.5888503,2.8504627,2.1834898,3.2705204,2.1106315,1.8701967,1.6292214,2.8905575,6.8354864,2.0950856,2.3701844,2.395274,5.0579,3.4308279,2.8474405,1.154437,1.7176672,3.2526588,1.2865812,1.2417196,3.280604
107,3.139685,2.7836275,3.8344257,5.0041175,3.8039987,4.4530683,3.2898357,2.344514,3.0562444,4.6265435,4.3088884,3.2951317,2.5504098,5.8520737,4.345795,1.8295925,3.6746268,3.0735033,1.7682507,1.9700239,2.728464,3.4962506,2.7155147,4.072368,,,,
108,6.487529,6.057024,7.830343,7.0947485,7.1252165,4.5631037,5.0988255,7.183609,7.844081,6.737434,6.945033,7.2560625,6.916932,6.079091,7.151438,6.1744123,5.559186,6.5443015,7.3725367,7.560841,8.334588,6.0268674,5.743897,7.2398424,,,,
109,8.520079,7.375507,6.786689,6.134307,6.8047686,4.5340376,7.716507,6.3271484,5.993553,6.1558642,4.057456,6.2986746,6.755493,7.146889,6.404099,4.9989047,6.287615,7.3257437,6.3093185,6.4853063,8.147271,6.4986296,4.9597855,5.88872,,,,
110,3.7331655,3.3784995,5.1865335,3.5720687,2.3911614,3.2950282,2.9222517,3.748856,1.9878023,2.1130407,1.3465004,1.0521588,2.1063738,4.5135694,3.4863334,3.1749713,3.9837668,3.4018857,5.1958795,4.9192653,2.601471,4.9882603,2.5563598,3.5798886,,,,
111,1.7670772,0.65281844,0.7874135,1.576582,1.4439496,1.3900845,0.6737746,1.0983183,0.6401908,0.8863788,0.7699673,0.95501065,0.8235415,0.95602834,1.0842888,1.2890631,1.2232869,1.3930234,1.0145249,1.2297046,1.8461874,1.8739142,1.4522054,0.3887273,,,,
112,0.29715574,0.6296192,0.014652693,0.39571616,0.1896023,1.2040961,0.0,0.06644077,0.37536228,0.014569615,0.22000845,0.5440915,0.4354269,0.019097308,0.2676946,0.31315845,0.7153442,0.055100773,0.11822884,0.30254537,0.10821807,0.6621646,0.070501156,0.5081192,,,,
113,0.20450424,0.051435,0.0066565378,0.07413577,0.86083263,0.03872423,0.03530769,0.1384373,0.032981537,0.8728476,0.01172423,0.055215,0.17693307,0.020821154,0.24591805,0.0006230769,0.023863845,0.4930511,1.0450765,0.1176473,0.051403843,0.6766511,0.00686423,0.45322612,,,,
114,0.48713192,0.011765769,0.25142196,0.044716157,0.005067692,0.03966923,0.1470877,0.24443306,0.00913846,0.032919228,0.95571685,0.4879419,0.31605577,0.23061115,0.03370846,0.025515,0.21797307,0.48192927,0.02535923,0.014642308,0.39044076,0.004538077,0.5805311,0.41580003,,,,
115,0.0006230769,0.27556613,0.49395463,0.22147271,0.8192527,0.9181038,1.004452,0.13936153,1.196266,0.18077537,0.54806876,0.5299374,0.014091923,0.08013806,0.2059996,0.18476306,1.6718814,0.3635446,1.4911788,1.2353745,0.5553069,0.38452154,0.6747092,0.37819734,,,,
116,1.1595254,1.5314504,0.10637999,1.4999331,0.25254348,1.5143676,1.7215303,0.053574227,0.98095155,0.71001697,0.31227577,0.5070392,1.7059948,0.2923477,0.6776273,1.1822574,0.4699246,0.48043382,1.7356638,0.88963956,0.2618273,0.6396923,1.7970886,0.7285845,,,,
117,2.3419383,1.7426523,1.6603336,2.2198257,1.6140912,1.281908,1.7193601,1.9519234,4.000247,1.09323,1.1755488,1.3000083,0.9331304,2.7618818,1.7277715,0.9281976,1.6284426,1.6190237,1.156815,2.920995,2.7601163,1.7975976,0.22399613,1.372576,,,,
118,2.4958177,1.9977403,1.3158555,2.52774,3.5722454,1.9009558,1.0923991,3.5382152,3.188212,1.3718077,3.2242775,1.5619812,1.8690852,1.985798,4.567455,2.4551826,4.4481564,1.8479006,0.9074803,1.2610245,1.0103503,3.461493,2.4632826,1.13643,3.5555882,2.1359491,3.1268907,3.0032513
119,3.2581522,4.819749,6.036016,4.636554,2.7809792,2.3079495,1.8657207,3.49191,2.5375636,2.4346108,5.545862,4.468064,2.354836,4.85947,3.0250697,3.5601473,2.9742162,2.9652956,2.336746,2.3372965,3.5038416,5.38219,3.640254,2.870515,,,,
120,5.0736947,5.90329,3.7666554,8.282614,6.577491,5.574908,6.853244,6.6073675,6.5308847,7.837549,5.933852,5.6123962,5.198154,6.8612714,8.083302,3.6183739,3.7630627,5.1333337,4.995197,6.850782,6.566514,4.279126,6.0252156,7.2680674,,,,
121,4.2739544,5.7951965,6.462481,6.9330187,4.721355,4.540486,6.376683,6.5249863,5.3116064,6.8930063,4.346283,5.1208615,4.8853483,6.3226624,5.9887037,5.3837376,5.954206,5.40459,4.5799165,5.7355266,5.5682096,6.2084627,7.328091,4.428633,,,,
122,3.2678514,3.2469368,4.860103,4.1774707,2.810804,3.6238773,1.8812144,4.0359597,2.3397264,3.9231725,3.8933997,2.5243132,2.5876384,3.8860583,3.4504647,2.8202329,4.4460278,0.90836304,3.0703776,3.6797574,2.2637525,3.9543574,4.5026135,2.4010267,,,,
123,0.95222765,1.4282377,0.7982446,0.44570768,1.103085,1.6690361,0.9781166,1.5187707,0.6957588,0.8804492,1.651403,0.6164308,0.7854092,1.0710589,0.39149997,1.1788822,0.48318577,1.5931973,1.3573626,1.6130735,1.7505761,1.0136942,1.0543188,1.4459019,,,,
124,0.047945764,0.18174113,0.23182614,0.40704572,0.09119769,0.5491177,0.023438077,0.26801652,0.7749415,0.5141319,1.4289645,0.42601842,0.018173076,0.7097158,0.12605885,,0.09486346,0.2747146,0.010280768,0.45545882,0.19319537,0.22055882,0.3237923,0.015618459,,,,
125,0.43552038,0.12876922,0.16302806,0.19705845,0.49217886,0.043418076,0.15894692,0.1675973,0.2392927,0.32320037,0.40584114,0.038661923,0.06675231,0.36607844,0.0032815384,0.034424998,0.3972738,0.10985884,0.26849425,0.14611153,0.016106538,0.06487269,0.4163296,0.47685117,,,,
126,0.7336731,0.15518768,0.61186147,0.071061924,1.1474895,0.27353075,0.6356319,0.44107613,0.27837,0.0049742307,0.031216154,0.4329242,1.0825651,0.36502954,0.46218807,0.7382424,0.06845539,0.0015576923,0.018079614,0.25307307,0.018754615,0.5425649,0.40365,0.074384995,,,,
127,1.4009159,0.19590576,0.837083,0.8134165,0.2967819,0.8340092,0.41221732,0.18454501,0.2690342,0.4836219,0.4058515,0.7459061,0.47785842,0.7024465,0.26396653,0.55400884,0.2985473,0.024756921,0.014445,1.3904272,0.79335344,1.6448087,0.03919154,0.5860973,,,,
128,0.8421403,0.39635998,2.0280738,0.7122911,1.5531229,0.45078576,0.832898,0.55883765,2.4421604,0.53824496,0.69184375,0.97933155,1.4353408,0.6835154,0.5519423,1.3548703,0.50536734,0.45968536,0.5990677,0.78054917,0.68946576,0.33265036,0.34702268,0.7437461,,,,
129,0.68947613,1.7692062,1.460596,1.5838199,1.0233727,2.0238888,1.4178321,2.2513845,1.3267281,0.9312715,0.70629925,1.3454411,3.1776922,2.0770998,0.65894544,1.7715427,0.44371384,1.0817031,2.272133,1.0278484,1.6894937,0.89939076,0.9589258,2.4275076,,,,
130,1.7754472,2.6052299,1.6502297,2.250294,2.3806834,2.811915,2.1849644,3.4603407,2.4768448,2.0695395,3.5091274,1.6877078,3.3192034,4.0133944,3.6841085,2.290493,3.6223614,3.4720957,2.0924375,1.1855285,3.8942099,2.6338289,5.3720136,1.9937942,5.035874,3.0001051,2.346549,2.882229
131,6.1138797,4.7137327,5.060693,5.122741,5.1571245,3.6265464,3.5663362,5.4637713,6.5119944,4.9558916,4.3023252,4.8407154,4.384987,4.362483,5.8591557,4.135912,4.0367384,4.7949195,4.0403523,4.6160235,2.505714,5.5993013,5.751457,4.236331,,,,
132,7.2226343,6.1974554,7.624717,7.038224,5.1560864,6.460622,7.7162256,5.642345,6.85962,8.19966,7.197431,4.5407352,5.7728596,6.49053,6.1335273,6.6092987,7.8177357,7.5282016,5.9171953,5.4110284,6.4474025,6.2593265,8.4278,5.605553,,,,
133,5.897216,8.596717,7.121749,6.4750466,6.1531024,6.62932,7.245647,6.736209,6.995783,6.0771914,6.5799417,7.5101643,5.109397,5.6269345,6.678668,4.581173,6.95548,6.738681,6.798309,7.2412024,7.490703,7.1074176,7.019429,8.039021,,,,
134,5.8393207,3.8523183,3.0940857,2.712036,2.6916504,3.8566904,1.6647575,2.940009,4.736537,1.3268007,1.6028135,1.146202,2.6837792,3.0465968,0.83953387,1.6245067,2.1827111,4.4653635,4.3509045,2.396385,2.1929917,2.3559368,2.0090594,4.5480776,,,,
135,0.44368267,1.5868732,0.78010267,0.7888984,0.32591075,0.6579692,1.322813,1.0534984,1.2854284,1.2271707,1.4013311,1.3350149,1.7531929,1.273133,0.64870614,0.23413154,0.5701673,1.7501502,1.0833853,2.368606,0.9285196,1.9915613,0.65201885,1.7655094,,,,
136,0.9411888,0.04826769,0.68648535,0.6934119,0.43313187,1.0247331,0.33236998,0.7917958,0.50249076,1.295512,0.2614223,0.4821161,1.6894523,0.5443822,0.009096922,0.87299305,0.17471077,0.5734073,0.018816922,0.7440058,0.9588635,0.6145512,0.6455908,1.3154191,,,,
137,0.61363727,0.09302537,0.033054233,0.8367196,0.64864385,0.3075819,0.63037735,0.22830574,0.2198423,0.62224615,0.003915,0.04612846,0.37474963,0.14786653,0.15607038,0.03168346,0.26247117,0.5797315,0.29433113,0.065745,0.62458265,0.22568883,0.02567077,0.11745,,,,
138,0.7145757,0.08106231,0.5899085,0.7421677,0.20379807,0.8485476,0.68330765,0.37204963,0.0024611538,0.6027542,0.9254769,0.43378612,0.8351826,0.39276695,0.42408693,0.2176823,0.79052883,1.2791768,0.43741035,0.069223836,0.37649423,0.28857806,0.3426404,0.16640307,,,,
139,0.74113953,0.26369652,0.77629155,0.44217688,0.7356565,0.46292537,0.49400657,0.34002346,0.35418802,0.10895538,0.17096189,0.52229416,0.20297769,0.5842904,0.24231459,0.72947764,0.38051307,0.50646806,0.5136127,0.60393804,1.0885154,0.11972424,0.6822485,0.24416307,,,,
140,0.9881999,1.0947045,0.46240616,0.5290857,0.7786696,3.0252774,1.8404446,0.6654046,1.5255414,0.6077284,0.74666417,0.5423677,0.33865267,0.38655692,0.91452116,1.5368918,1.3698347,1.3366141,0.7089992,0.47659153,0.7892203,1.2175753,1.4060769,0.97084737,,,,
141,2.1669886,1.7583957,2.817585,2.1162806,1.1634508,1.1341245,2.346134,1.0661157,0.51759,2.1727626,1.5201621,1.5520431,1.5280131,1.0811734,1.2591242,1.4816353,1.3054188,1.5130073,0.7608392,1.2317504,2.2380922,1.6920588,0.45187613,1.2942969,,,,
142,3.4188542,3.8125868,2.3537352,1.0695841,2.5280306,3.6960816,0.81045693,3.011528,2.1565523,2.452358,1.455944,2.7625775,2.8802977,1.6099683,1.5365181,1.3354719,3.5957043,1.9730561,1.1185372,4.3011,4.70152,1.9004675,3.3160672,1.8277026,2.783814,1.8271211,3.6090484,2.3141596
143,4.6651325,4.2855334,7.090065,5.6846523,4.6770854,4.4234095,2.124007,2.976179,2.3190405,2.5837755,4.08457,4.2311697,5.3283877,4.898537,4.3348083,2.2240107,4.815585,5.5070343,4.2888875,4.880883,5.0229864,6.2351203,4.6538444,4.4121737,,,,
144,7.24086,6.084834,6.679499,7.018639,6.612881,6.919518,6.699842,7.0567093,7.1658726,7.0820894,6.0323606,7.9197335,6.8442817,7.214182,4.73337,6.171296,6.725794,6.8203454,7.0652037,7.3896613,7.104344,7.709113,6.4625325,5.2417483,,,,
145,5.73832,6.734309,6.5961103,5.9491277,6.073182,6.0151944,6.5981455,6.797852,4.894747,5.936365,7.1519156,6.298892,7.4924374,5.9065304,4.4187884,6.00075,6.295964,5.8215113,6.451795,5.7052555,6.790095,5.5316978,5.16347,8.726774,,,,
146,2.25801,3.4013765,4.9120474,4.9646254,4.0228753,3.4310353,3.531382,2.0914304,2.4100406,3.924045,3.7589812,4.1244373,3.6038249,2.4938033,3.070014,1.8635294,1.8429265,5.306289,3.7502377,4.834516,4.011587,4.041962,4.6367826,3.3699112,,,,
147,1.1994957,0.8114331,2.1404767,1.5431539,1.7744296,0.9326942,0.6013419,1.1732954,2.0553436,1.2390715,1.2183335,1.3223146,0.73870957,2.1327403,1.0473715,2.0362463,1.0412031,1.381133,1.7051122,0.91968226,1.3341012,1.088183,2.1806448,1.4771494,,,,
148,0.2774873,0.39828113,0.03465346,0.5034772,1.6577897,0.3562546,1.3248693,0.3083919,0.21219923,0.6785723,0.053553462,0.7281173,0.4079181,0.11869616,0.5265519,1.0848598,1.341713,0.41231075,0.17992383,0.89583915,0.40868652,0.3787373,0.25865996,0.53618884,,,,
149,0.52618843,0.06548539,0.047499225,0.20473267,0.09860192,1.1610105,0.18321577,0.38297427,0.5104557,0.36862266,0.07239115,0.67603844,0.46787885,0.4213038,0.8244865,0.14531192,0.32969072,0.50019574,0.84823614,0.12472962,0.60564125,0.84851646,0.26221153,0.6910546,,,,
150,0.68898803,0.5645077,0.16320461,1.0505388,0.55198383,1.0035692,0.5636873,0.50041384,0.6068977,0.43095112,0.26029035,0.87412494,0.05805,0.0011942306,0.41630888,0.10033616,0.19035,0.3762865,0.81469375,0.09227769,0.3251942,1.3010987,0.6981992,0.11852998,,,,
151,0.7621476,0.21888691,0.4125808,0.61140454,0.48069346,0.17126307,0.053262692,0.76127535,0.54463154,0.270675,0.3857573,0.3468669,0.34943193,0.52234614,0.6049246,1.4756122,0.11237193,0.7803935,1.5078773,0.5130831,0.6910027,0.63936,0.062245384,0.6271165,,,,
152,1.0878301,0.6909716,1.8529685,0.5573423,2.110434,1.2345126,1.5884826,0.5815696,1.9990695,1.2202027,0.93527997,2.3487403,0.63384575,1.1906792,0.96665186,0.6241465,1.317195,1.5772362,1.2685014,0.79951155,0.61873615,0.7016884,0.44193804,0.3275515,,,,
153,0.59242153,2.7084947,1.4017049,2.6693754,1.7425696,0.8400323,2.4030101,1.9159406,2.3902164,0.8877289,2.9529696,0.98071265,0.8576861,1.9394722,0.5723377,1.7395579,0.99977887,0.9956769,1.478873,2.9509442,1.8608087,1.2726034,0.88078153,0.82670885,,,,
154,2.989357,3.0084646,1.9319227,4.1414366,3.1198084,1.945215,0.70851105,2.3070047,3.645519,1.8038387,2.6587934,5.077672,2.3901439,3.1778376,2.8445017,1.4100022,1.6530334,2.523565,4.673742,3.4291558,1.6636984,5.1268535,1.6683196,2.0285099,4.8517437,4.184366,1.8981622,2.2594016
155,5.2443037,2.3583045,5.889811,3.4091551,6.277033,2.9771967,6.723363,5.5282083,5.42942,3.6357055,6.230977,2.9427507,4.969412,3.2054296,5.0823345,4.86945,5.043724,5.3254175,2.9575179,4.3795977,4.3673434,5.3826365,5.2431407,5.97214,,,,
156,6.650432,7.067499,6.143403,6.4103193,6.1732483,6.3120494,7.19576,7.1697354,5.5888543,7.268794,7.0661283,6.5381746,6.921886,7.25004,5.902459,4.3403435,6.216771,7.813364,5.5376997,6.0101786,7.170847,6.7381616,7.1411886,7.2046075,,,,
157,5.1521816,7.662506,5.662045,7.212292,6.6812644,6.31341,6.496438,4.9539914,7.6631293,6.493624,6.1439433,6.7489195,7.122953,6.6564136,7.836854,5.81958,9.484072,8.108878,5.7760587,6.06368,6.7137575,6.418201,5.8445964,6.2439265,,,,
158,3.8625681,2.7242994,4.190099,3.3351543,3.3811164,4.482488,2.4622438,3.952478,4.1590486,3.8649774,4.384011,2.260845,4.5318456,3.4957106,4.142049,4.3327103,3.8658495,4.625152,2.157227,2.3349702,2.9588053,3.5561178,3.8133345,1.8936553,,,,
159,1.0580884,0.6837854,0.88538194,1.519186,0.8167811,1.6055031,0.86595225,0.54478735,1.647997,1.424115,1.6563668,0.6552381,0.8184011,1.1957469,1.0277342,0.38808346,1.3836566,1.1535646,0.8498768,1.4138342,0.6475639,1.5386364,1.6124609,1.5529672,,,,
160,1.2226534,0.33609807,1.9008415,0.09566307,1.5185629,0.53318775,0.6522785,1.50822,1.5297576,1.6189302,0.28206688,0.85862076,0.32528767,1.1162215,0.017124228,0.26221153,0.13480268,0.7582015,1.4767649,0.48775497,0.9632665,0.47785848,0.66734654,0.41306883,,,,
161,0.3962354,0.00031153843,0.06976385,0.59603536,0.542887,0.117927685,0.7133296,0.19659115,0.421065,0.39578882,0.4623542,0.053044613,1.0452322,0.30681345,0.23031,0.42980883,0.16121076,0.19859539,0.07123845,0.081051916,0.022679998,0.20720424,0.15164654,0.5052531,,,,
162,0.7232988,0.4271711,0.13366039,0.21068305,0.8676242,0.4050727,0.34930733,1.336801,0.060947303,0.21152423,0.3423496,0.49690384,0.25925192,0.5658888,1.0373399,0.6041873,0.1707854,0.20918769,0.9264635,0.67984957,0.22553308,0.66400266,0.4497369,0.50802577,,,,
163,0.5140281,1.1146119,0.36662883,1.2575768,0.32613918,0.8725673,1.3559502,0.070418075,0.6351127,0.56926376,1.228178,0.65291184,1.6371034,1.2709937,1.1590683,0.32656497,0.32827848,0.32115462,0.6140111,0.602775,0.98706806,0.91856074,0.4133596,1.1475415,,,,
164,1.47258,0.6644284,1.415205,1.615275,0.6455076,1.349948,1.5375149,1.1656626,1.0426362,2.5844088,1.8948808,0.7524589,1.5425204,0.6677827,1.3356069,1.1988416,1.3205699,1.3783084,1.1793185,1.674675,1.2846496,0.5137269,0.59254616,0.8546019,,,,
165,1.8294784,2.7361696,0.8983316,0.91778183,1.6944991,1.6460134,0.70923805,2.814158,1.0576937,2.2436066,1.214086,1.6645603,1.9987477,3.5711553,2.171828,0.9135139,1.4112173,2.3509626,2.7114024,0.76803577,0.61215234,1.1168342,2.5679905,2.121525,,,,
166,2.9684525,2.8401196,4.260392,4.3058043,3.174577,2.6611722,4.8996797,2.591138,1.7315204,3.6912737,3.1396015,4.6079235,3.7771237,3.5088055,4.0323772,2.6853786,3.1743276,2.6709852,4.2957416,2.1073189,1.3293449,2.4875412,2.4353063,1.8284192,2.5205019,1.9789962,1.312927,4.9888105
167,3.3259745,2.536307,5.4241133,3.9197042,3.041467,4.3747272,4.2032666,2.6871748,2.9972596,4.9628696,7.8094583,4.116638,3.1150525,2.6038175,4.851806,3.482491,4.350915,5.1198545,3.7199667,2.6687632,4.8944454,5.257304,5.543712,4.9800153,,,,
168,7.0412984,6.8165555,5.5955005,5.510876,6.791092,7.1192465,6.0891957,7.112485,5.130145,6.068084,6.8855495,4.828109,7.097532,5.0559683,8.595533,6.4769363,7.5934696,4.612285,5.7500963,6.9434543,7.036792,7.1611056,6.2232304,5.9812784,,,,
169,6.6367035,6.5426083,7.099702,5.8461328,4.327892,8.576923,6.7141004,6.533439,6.1371098,7.513415,6.895343,6.61365,6.231423,7.64426,9.031874,6.31665,6.3096714,6.5180283,5.888503,8.05248,7.172674,6.461027,6.2290874,5.20911,,,,
170,4.432299,4.384218,2.18646,2.6800923,2.1974156,3.1932898,2.5296717,3.0633886,2.4756505,2.6199968,2.9008176,3.6929145,3.0375519,4.2053957,5.7825384,2.049653,5.1741138,4.974075,4.0152216,3.2226884,4.2071605,1.5234644,1.7366087,4.5945797,,,,
171,1.485135,0.34513268,1.2303483,0.8985807,1.0331239,1.7224858,0.9289454,1.1122339,0.78462,0.8595553,1.5747439,0.72461766,1.6775721,0.73085886,0.69277835,0.22029921,0.53814113,0.2488673,1.3996489,1.0163527,0.8805738,1.2205662,0.2856496,2.0274713,,,,
172,0.09170653,0.7744638,0.59008497,0.657232,1.2544615,0.86896384,0.15363,0.788535,0.6795069,0.21779655,0.64671236,1.3245888,0.63231915,0.74164844,1.5993761,0.43601882,1.6536772,0.9406072,1.0057188,0.86897427,0.28674,0.3297946,0.57353187,0.42113766,,,,
173,0.11667116,0.7973724,0.62724113,0.29514116,0.01793423,0.684803,0.35387656,0.07787422,0.20050615,0.087801926,0.022856535,0.083835,0.06629538,0.5017015,0.7491773,0.28549382,0.18103501,0.26346806,0.093305774,0.4803508,0.25775653,0.01843269,0.0146838445,0.56664693,,,,
174,0.5259807,1.0022088,0.09557999,0.63390803,0.10318153,1.2216669,0.5928161,0.56580573,0.80571115,0.06804,0.4278254,0.2978204,0.23872152,0.24688387,0.4961977,0.25943884,0.4714719,0.45155424,0.7272346,0.72534454,0.4011265,0.21585461,0.31410342,0.70388997,,,,
175,0.5455142,0.9164839,0.6021726,1.5008157,0.30564,0.5596996,0.86599386,0.5956407,0.56169343,1.2986585,0.42836535,0.5219411,1.1285896,1.2924277,0.3750923,0.6094627,0.694253,0.7275565,1.5347215,1.230473,0.72680885,0.6875654,0.057395764,1.8313165,,,,
176,0.39802152,1.4703369,1.2456034,2.086975,1.7321538,0.74796224,1.1123792,0.32572386,1.77093,0.30838153,1.2833099,0.79546154,0.8370831,1.081786,0.6917192,1.2468288,1.1217253,1.1756215,1.3033106,0.64442766,0.6321218,2.2354753,0.7840384,0.35118693,,,,
177,0.7096015,1.2520212,0.6045196,0.8185569,0.81653184,4.354342,1.4799634,2.12787,2.4985073,0.8462943,1.0381914,1.8783898,2.801437,2.3091333,1.8815469,1.5116469,1.1046946,1.47771,1.8280869,1.2189461,1.3511838,2.357775,2.3707142,2.1218781,,,,
178,3.7708511,3.3845432,3.5129178,3.310657,2.815622,2.4917884,2.5264935,2.84715,2.0253842,2.38761,2.9763553,5.454872,2.3137856,3.8507192,3.686258,3.0570226,2.1129785,3.4696972,3.7029772,3.7714326,1.325461,3.9500895,4.8266134,3.499044,2.9253044,3.0447276,3.3869214,3.3902857
179,4.922567,6.2279134,5.3439126,4.0317745,4.9604917,5.623622,6.425211,4.959692,5.1435723,6.3607016,5.8045635,4.96313,4.279936,5.8587923,4.1211762,4.940491,4.0430627,5.099438,4.6096163,4.0700836,6.720466,5.024295,5.102626,5.5978265,,,,
180,7.100854,6.6097975,8.112824,7.0990787,7.805066,8.7751665,8.141424,7.285991,7.9132433,6.7230716,8.458394,8.442422,7.661208,8.390021,8.413231,9.061906,6.9701433,7.297092,7.4064426,7.390658,6.4577665,6.9897494,7.5001326,8.0706005,,,,
181,8.255229,6.1876416,7.1400876,7.656286,6.6490827,6.457299,6.2936063,6.7926183,6.4366446,6.8257036,8.601099,7.2126865,8.177095,7.7222595,4.6300945,7.1048527,6.631096,6.7841444,5.6605387,7.734077,6.541342,7.7974544,6.386538,5.4271035,,,,
182,3.229501,4.455571,2.822746,4.1778655,5.1165104,2.3988876,4.0402484,4.891216,2.7207277,4.7545753,6.1180124,5.9529805,0.9184361,3.8803253,4.1037817,5.619302,4.20147,4.249945,2.6441514,3.8260972,6.529742,2.489732,4.4216547,5.5726023,,,,
183,1.0171523,1.1082461,1.701031,1.1654655,1.4638361,1.2628106,1.616843,0.6126611,2.2604089,0.98535454,1.9837315,1.1746973,0.67313075,1.5796764,1.6832423,0.8732008,1.2602353,0.9852716,1.5875895,0.70913416,1.9470011,1.2646592,0.62856,1.1852686,,,,
184,0.07157077,0.009740769,0.06872538,0.95848966,0.28027037,0.82251346,0.048194997,0.21684115,0.36986887,1.1316738,0.44389036,0.5584119,0.13251807,0.048049614,0.0,0.92479146,0.4519904,0.4167865,0.027737306,0.2986304,0.32928577,0.07703308,0.4286769,0.062151928,,,,
185,0.63599545,0.60047996,0.038724225,0.017591538,0.027301153,0.1603073,0.10211192,0.07983692,0.018380769,0.87066686,0.5446834,0.7746404,0.23434962,0.70726496,0.64693034,0.036439616,0.11566384,0.21224076,0.11327538,0.7266115,0.26027998,1.1458799,0.39099115,0.07246384,,,,
186,0.28361422,0.10386692,0.72060925,0.54663575,0.89906883,0.2313069,0.33796728,0.24278194,0.3929227,0.6314469,0.90425074,0.7863646,0.20928115,0.046928074,0.7483154,0.31248346,0.23292692,0.5507481,0.14718115,0.1723223,0.10811423,0.38745,0.5205184,0.03344884,,,,
187,0.4035773,0.6597138,0.8648827,1.789477,0.92887264,0.13576847,0.66092885,0.14600769,0.9511581,0.5507896,1.030403,0.5338419,1.1043415,0.48062074,1.8369554,0.5498758,0.6524861,1.2837149,2.3488545,0.11021192,0.043459617,0.31440464,1.9310504,0.35952574,,,,
188,0.5767408,2.1412451,0.8993181,1.9451215,0.76583415,0.97344345,0.79463077,0.7957004,1.2484281,1.5677651,0.961875,0.4428519,1.7810655,0.9280211,2.3556151,0.40281922,1.1931403,1.0182323,2.014584,2.1711426,1.7620406,0.8087746,0.5010161,1.1382785,,,,
189,1.920053,2.2594223,2.3685126,1.7871925,2.7182353,1.7894456,1.8951715,1.1501273,0.92618304,0.95473033,1.6362208,2.238705,2.4226477,2.344327,1.085026,1.489102,3.1847746,1.0424387,1.2640051,1.9035518,1.0553885,1.322273,2.1953077,1.8862302,,,,
190,1.1759539,2.310037,1.3548287,3.2746012,1.2275342,1.7615736,4.01059,1.6192005,1.718851,3.2340186,3.2493253,1.9264394,3.2815382,4.1090674,1.6363142,3.4433513,3.203716,3.2273517,1.9242069,3.7480671,4.309802,2.1814234,1.8129252,3.679373,1.4388715,2.6585758,1.2350631,4.01571
191,5.6673617,3.6012495,3.6119351,6.369601,3.1026218,4.411239,5.002249,7.343294,3.0936394,4.8386073,5.467272,2.9006724,3.461431,5.6219397,3.7993774,4.9410305,3.5923808,3.4320323,4.4496727,4.492447,4.537755,3.755596,5.2831316,3.7487423,,,,
192,6.297417,7.413172,6.9634247,5.86171,7.0761495,7.9886556,6.3318944,6.4590855,7.325037,7.7466006,4.4649587,6.8479996,6.3756967,6.6856155,6.2554226,4.8258862,6.996406,4.216164,4.1573977,6.693985,4.5195923,6.6597366,6.1994905,6.8338766,,,,
193,5.895045,5.982795,5.743367,7.397958,6.010937,5.9530215,4.318141,6.522805,5.8628736,5.608928,5.937279,4.6903257,5.692981,5.444695,5.820971,7.1429434,4.634072,6.6442533,7.2083974,6.5358477,5.966698,5.598419,5.961517,7.2896466,,,,
194,2.2348628,2.3362787,1.3317751,1.8039426,2.8699338,3.0844386,1.8310465,1.6952261,2.9507365,2.7192218,2.22507,1.3827012,2.3401108,1.5909749,2.2669923,1.8340789,2.8826652,1.5846092,2.8126836,3.8217149,0.99310154,1.5488238,2.0558422,2.5599737,,,,
195,1.7369931,1.4446349,1.537972,2.0205865,1.0368519,1.5390623,0.2546827,2.2840858,1.1096896,1.4012792,0.6921969,2.821126,0.74328923,0.61738616,0.3663173,1.159567,1.4471791,0.7267361,1.0189697,1.1888204,0.50892925,1.4907945,1.2927806,0.7733735,,,,
196,1.8762404,0.64587116,0.1908796,0.29317844,0.7258223,0.95148003,0.44764963,0.40910193,0.24276115,0.06092653,0.2941442,0.120638065,0.35508114,0.43587348,0.013718075,1.297973,1.138185,0.76293683,0.18231231,0.1301296,0.13518693,0.031029228,0.36856034,0.5275177,,,,
197,0.849015,0.013655768,0.17242615,0.17255077,0.16959113,0.04021961,0.5115046,0.55688536,0.581715,0.4766019,0.44965383,0.43924844,0.8246319,0.09989999,0.5816839,0.35020036,0.49746463,0.32540193,0.7967907,0.06342923,0.57722884,0.03524538,0.45680884,0.42217615,,,,
198,0.6293907,1.0462915,0.27564922,0.28630382,0.63145727,0.8827442,0.3293273,0.4057477,0.32174653,0.09525807,0.29196346,0.7809853,0.24824421,0.15723346,0.7378477,0.88619196,0.007466538,0.6925396,0.23061115,0.68837535,0.4514608,0.43604997,0.0023261537,0.5680281,,,,
199,0.6120381,0.16852155,1.0281703,0.17348538,0.96521884,0.7720546,0.4173265,0.6671077,0.13421077,0.009211154,0.05151808,0.76123387,0.7583053,1.2128088,0.03437308,0.05098846,0.9202119,0.64547646,0.39672345,0.21858574,1.5686688,0.30301267,0.77451575,0.084946156,,,,
200,0.34089577,0.9315831,0.71790916,0.27194193,2.3369746,1.0067675,0.66590303,0.7253238,0.0972623,1.0976641,0.5919958,1.7252896,2.3092268,0.44490808,0.5668234,1.6705627,0.31449807,0.2992846,0.90374184,0.7504441,1.76364,0.8408319,0.79058075,2.684153,,,,
201,2.0375135,0.6236376,1.2091119,2.0407119,2.2928088,1.4981678,0.6368157,0.9993842,0.9584065,3.4606311,3.4071298,1.0826272,1.7090378,2.6360204,1.8499985,0.87571394,0.643763,2.497635,1.2618657,1.14696,1.2570992,1.2406499,1.4691218,2.7069473,,,,
202,0.99337155,2.68839,2.2043839,1.9282672,2.7896712,2.0316148,2.1735206,1.6542796,3.9496222,3.904989,5.354048,1.371278,2.1167896,3.8432212,3.7760642,3.6433487,2.6965418,4.588847,4.165487,2.4541028,2.773637,1.2058823,1.7651769,1.0354187,3.5683928,1.8027173,1.1461499,2.6212535
203,4.6244144,3.7683797,5.1963677,5.940519,5.705598,3.8920188,2.9576735,5.7823925,7.358206,5.4770846,2.8619895,6.0022454,3.952831,5.337505,5.179004,4.653014,5.508052,5.742993,4.3644357,5.950727,5.8239827,5.8541403,6.950485,2.6535807,,,,
204,7.621933,7.560934,7.466622,6.9913797,7.6868787,7.4732056,7.9017053,7.295254,6.1483564,7.5665417,7.4428196,7.0926924,7.4322476,7.104904,8.031129,6.4655027,7.278109,6.9401836,7.8735013,5.7164707,7.8317237,7.1904635,6.873245,7.6514153,,,,
205,6.2740316,6.864906,6.270874,5.6085644,6.42142,6.717621,6.92821,8.186306,6.5495663,7.3503346,7.6783743,6.907867,6.3564754,7.892214,5.7455587,7.88616,7.6375933,6.28669,5.672575,5.8565288,9.451225,5.865501,6.840865,7.87564,,,,
206,4.885297,4.1757054,4.7435575,3.5073934,3.92068,4.6558905,3.8288596,1.9784249,4.4798503,4.415435,3.9504113,5.5286756,4.772613,5.725537,2.6160612,4.38643,3.7201638,4.409401,2.992638,4.8758574,3.1353126,5.1556187,4.29354,4.541618,,,,
207,1.1130853,1.0384614,0.9302953,1.8827618,1.0321892,0.5227096,1.2565799,1.398413,1.2157788,1.6805112,1.4805762,1.1302304,0.48886615,0.56500614,0.8466784,1.7187576,2.2090049,1.2935388,0.9408461,0.7886804,1.404758,1.222695,1.0681927,0.4149173,,,,
208,1.1117561,0.08357538,0.9299526,0.79135954,0.23978075,0.46774387,0.16864616,0.30443537,0.020177307,0.6144473,1.038233,0.122008845,1.6431577,0.09327461,0.22005,1.3172989,0.5739577,0.09839423,0.27521306,0.32252535,0.05738538,0.1960096,0.6966934,0.6781569,,,,
209,0.013645383,0.056876533,0.7898435,0.032213073,0.6094419,0.21508613,0.06891231,0.3773665,0.47537655,0.1667977,0.50778687,1.0445781,0.14948653,0.8076738,0.17976807,0.26297998,0.09567345,0.22622882,0.53081995,0.4191646,0.92623496,0.038423076,0.03799731,0.73448306,,,,
210,1.3604572,0.23341502,0.35843536,0.6017469,0.21507576,0.12719077,0.57737416,0.7304538,0.061850768,0.032836154,0.20368382,0.02477769,0.3463996,0.009076154,0.76385075,0.033428077,0.03559846,0.49888724,0.4037019,0.019211538,0.3991742,0.08924539,0.014735769,0.20544921,,,,
211,0.29059264,0.7331019,0.36293188,0.6850523,0.54101765,0.5758165,0.79718536,0.52752805,0.45281073,0.6457361,0.4735592,0.5236545,0.3676569,0.7745054,0.64349306,0.4330073,0.4219165,0.5885792,0.58528733,1.3592527,0.16717154,0.5789527,0.43094075,1.3720672,,,,
212,1.136025,2.0170453,0.52872235,0.9483958,1.466962,1.1637,0.76182586,1.8501232,1.6517768,1.6088259,0.6812515,0.40711844,1.4395983,2.4037893,0.64831156,1.0994503,1.4746776,0.9369311,0.7784723,0.40774155,1.1081423,1.0132684,1.7634113,0.52452695,,,,
213,3.121802,1.5061637,1.7142612,0.8986846,0.4352088,1.6275808,1.5887839,1.41885,2.1826074,1.0755866,1.1810629,3.0990183,1.6914668,2.3570273,1.1062107,1.6713829,2.4578726,2.3380442,2.3289888,0.95326614,4.6080174,2.3787415,0.6370234,1.2384379,,,,
214,2.6928446,3.5006125,4.623906,2.3301725,4.3292527,3.4162064,2.2012684,2.8390603,1.7775242,3.6368585,2.4353375,3.8725996,2.3308995,2.5899022,2.833598,3.3461618,3.8605015,5.0579305,1.7991865,3.6226938,2.7821214,1.2778478,4.862046,1.852553,4.6926727,4.6258163,3.9905584,3.2238412
215,3.1168177,3.824446,2.606497,4.398715,2.3950765,3.26808,2.6999376,4.8536754,4.162995,4.948518,2.6413474,2.615438,4.3050046,3.1049168,3.167079,4.2893963,5.0108786,3.1180844,3.4510052,2.7393575,4.807443,4.674718,3.5038211,3.2331045,,,,
216,7.2542143,3.3120484,6.0777936,7.0526896,5.8223734,5.524533,6.7637076,4.9788938,3.6680021,5.213596,7.1214676,6.7517133,7.7415957,6.8813653,7.047529,7.6718416,5.577317,7.57513,6.813471,7.0887356,7.004807,7.1737027,7.582337,5.6894298,,,,
217,6.726146,4.8211093,6.73515,5.948619,5.3320847,6.4824505,5.396718,5.9752865,4.8395004,6.695803,6.5108004,7.580613,6.1920652,6.5856633,4.3416724,5.4333553,7.058423,6.731162,6.942053,6.9648776,5.0892816,6.5076017,6.178638,,,,,
218,1.8034027,5.539735,3.3907015,4.5791273,4.8674874,2.7043614,1.009343,1.2091014,2.6876526,2.2990084,2.3821373,2.1949754,1.5413989,3.1625202,2.7772098,2.652158,3.850428,2.529142,3.8373232,2.3983893,2.3231838,2.2957892,1.8896574,2.7635539,,,,
219,1.0567902,1.331723,0.9678462,0.49708036,1.2075438,0.79918957,0.9016338,2.9861374,0.375435,0.8384123,1.0631458,1.3518485,1.3803958,0.33816463,1.0703319,1.2487395,0.77311385,0.8503961,1.554037,1.8885877,0.361935,0.7587311,1.089045,0.45110768,,,,
220,0.98570764,0.18821076,0.5238831,0.045411922,0.7773196,0.7929381,0.09158191,0.8258469,1.1913127,0.08156077,0.68375427,0.3408023,0.86797726,0.43089926,0.6919789,0.44417077,0.10045039,0.2476523,0.2472681,0.6396404,0.31720844,0.30398884,0.87535036,0.1377519,,,,
221,0.08337808,0.31688654,0.28560808,0.28723842,0.19140922,0.055142302,0.011059614,0.6072403,0.3952073,0.43543726,0.07139422,0.18712036,0.8707915,0.054114226,0.7241088,0.021683076,0.03742615,0.73067194,0.16937307,0.015099229,0.6300034,0.052868076,0.7336731,0.9366404,,,,
222,0.2951619,0.65336883,0.008982692,0.28519267,0.06786346,0.1261627,0.9504726,0.1360177,0.7618258,0.50731957,0.7236726,0.120700374,0.46423385,1.4159112,0.58600384,0.426195,0.8109138,0.014611153,0.052660383,0.010561153,0.1285927,0.4861038,0.10276615,0.64596456,,,,
223,0.281205,0.88793653,0.59291995,0.2566973,0.042867687,0.7295712,0.34058422,0.31371924,0.5949034,0.5929304,0.5729608,2.0900493,0.05881846,0.63217384,0.90502965,0.28614804,1.5277742,0.99028724,0.9774519,0.49372613,0.72429585,1.0368415,1.0428542,0.9029528,,,,
224,1.1521211,0.45964387,2.1352534,0.18781614,0.5160738,0.6964235,0.57711464,0.51021683,0.87386537,1.535303,0.51813,1.699951,2.1111612,1.013258,0.7045235,0.7843396,0.5333019,1.1838357,1.4073645,1.8660842,1.5050422,1.4385808,1.4576364,0.7674646,,,,
225,1.1701385,4.0982676,1.4509383,1.2482722,2.993448,0.68118924,2.4666471,2.430862,0.51861805,1.4558607,2.9480052,1.5454489,1.047413,2.065936,2.3586576,1.8110976,2.2003548,2.897879,1.5192587,1.1131374,1.93212,2.7491298,1.4591734,1.109513,,,,
226,2.1272051,4.3672185,3.6713562,2.4256384,1.827931,1.7083522,1.0782347,2.625179,2.7809067,3.649704,3.3334093,0.82887924,2.3091645,4.4519987,4.328827,2.2987902,1.4591007,2.027513,1.9381638,3.6994047,3.7195928,1.3444337,1.926346,2.2112896,2.1421487,2.9371428,1.6399385,2.8194335
227,3.7645164,4.475115,3.657389,4.436349,3.0050688,4.3658686,6.077326,5.1625447,4.3128757,5.147955,5.644578,4.9665766,4.237047,5.2120695,4.4745226,4.541234,4.532853,3.2657018,5.201446,5.3632383,4.8791804,4.2729993,5.118795,4.4085803,,,,
228,5.771167,7.0513716,5.8410654,8.552479,7.659007,7.8508935,6.481776,6.881116,7.5953493,8.341993,7.4263706,5.769454,7.430898,7.6572104,7.22169,7.8287954,7.912526,7.5829916,6.6395183,7.383835,7.8899603,6.86259,6.102654,6.5312066,,,,
229,7.110595,6.979375,8.3581505,7.2824297,6.9815564,6.833253,7.221212,7.177669,7.447295,7.334737,6.526471,6.5596185,7.5714335,7.404625,7.4043026,7.132912,6.841332,7.6748953,6.0851665,7.760558,6.5636063,7.3142786,7.4064007,7.8014317,,,,
230,3.2873328,5.326934,4.484004,4.408851,2.381182,5.544626,4.539925,3.9356449,2.1596677,3.7517018,4.5428643,3.1711705,3.6801105,5.4333034,3.950297,5.759972,2.677569,6.36255,5.119792,5.156574,3.8572717,6.187745,6.075228,3.3684785,,,,
231,2.005155,0.99010044,0.59578615,1.748603,0.77614605,1.4089534,0.922943,0.78759,0.9194642,0.80310464,2.3108573,1.3537072,1.3533542,0.89579767,1.49472,1.0906857,0.74967575,0.5714239,1.0147431,1.2645552,1.5371306,2.149605,0.5240077,0.96250844,,,,
232,0.1924373,0.4876719,0.238815,0.07587,0.17412923,0.40226886,0.121188454,0.26657307,0.4169423,0.22700769,1.4493392,0.50226223,0.06671076,0.10973422,0.96104425,0.1825096,0.17769116,0.045017306,0.040583078,0.054799616,0.14116846,0.057302304,0.5051908,0.033158075,,,,
233,0.79169184,0.0049534612,0.13381615,0.2040577,0.09682615,0.23356038,0.4018223,0.10853998,0.41815728,0.9942335,0.03667846,0.7232262,0.034424998,0.70381737,0.26085114,0.40002578,0.14587268,0.22151423,0.85273266,0.22531499,0.27745616,0.32030308,0.16292422,0.16526076,,,,
234,0.8124715,0.01935692,0.33237,0.89585996,0.97337085,0.022721538,0.67915386,0.12545654,1.144987,0.21012229,0.65677494,0.48590654,0.3705127,0.43054613,0.34417728,0.087313846,0.17384884,0.64971346,0.17152269,0.2943104,0.48279113,1.0647346,0.4176381,0.90076154,,,,
235,0.13718078,0.3313523,0.063096926,0.8776869,1.9733262,0.22055882,0.23954193,0.5702607,1.4645007,1.6903349,0.7999268,0.9628823,0.55483955,0.05027192,0.4401415,0.83932614,1.3014311,1.1410304,0.64198726,1.0805815,0.13298538,0.3721431,1.3301965,0.66037846,,,,
236,2.123238,0.80654186,1.0148262,0.2606954,0.3179146,2.0218222,0.6185284,1.7277093,0.53065383,0.3649777,1.3823999,0.41665155,1.5918161,0.56220233,0.6044365,0.53986496,1.9004675,0.9608158,1.8209422,1.8101007,0.7005046,2.1614435,2.0059755,0.7991896,,,,
237,1.9730456,0.79727894,1.4074687,1.3436965,0.36759457,1.2307742,1.3023657,2.817201,1.7949183,2.4187326,1.8162899,1.7132123,2.5712514,1.1076853,2.5151849,1.9670538,2.7758489,3.3393602,0.5399481,1.1220057,1.3911334,1.690688,4.6388803,2.6761045,,,,
238,2.2312903,2.581231,1.5156658,3.0208323,1.836052,2.416936,3.4898436,4.577268,2.5515103,3.2614024,3.3969011,1.4324641,2.2933073,3.1158414,1.5763118,2.2183719,0.7623969,3.6020494,3.8022957,3.3251328,2.456595,2.8769643,2.3684814,2.1126254,3.6311572,2.2661204,2.4759622,4.6349964
239,4.2207437,3.3410838,7.9361615,5.097662,4.95857,5.8899875,4.2538395,5.032343,5.512922,4.274183,5.029435,5.3638406,4.216102,3.462376,7.1910763,4.2769766,5.581222,3.1775572,4.275938,3.4538193,5.6871448,6.068405,4.3663983,3.6430788,,,,
240,8.108422,5.7667537,8.292562,7.947543,5.6861167,8.705558,6.1837053,6.1726565,7.170815,6.634679,7.3544674,7.7845564,7.740142,7.3903985,8.097134,6.341396,7.1126614,6.2898264,6.65092,8.752995,7.878558,7.2512646,7.7883677,8.01957,,,,
241,5.910819,6.4647346,7.783041,6.1668515,7.5193434,6.996811,7.3747067,5.7935977,8.22313,7.882047,6.8102407,9.03338,7.3048496,8.123489,8.122846,7.0627537,6.6260805,6.781735,8.272696,6.308779,6.9153852,7.595204,6.682666,7.096337,,,,
242,4.8316913,3.2587752,4.9752173,4.8233113,4.379493,6.5100107,6.1253757,4.6826925,4.0801153,4.723515,3.449146,3.8451116,4.3998055,2.3026223,3.2834284,3.5662947,3.1651995,1.9826099,4.651695,2.046517,3.0158272,2.958992,3.3621645,2.074462,,,,
243,1.0863968,0.3123069,1.168508,1.0920253,1.5351161,1.3566979,1.4991957,2.1697924,1.2004822,1.6062402,0.76710117,0.30014652,1.2943383,0.78983307,0.90220493,0.80079925,0.96733737,1.1086096,0.55244076,0.69260186,1.0522212,1.0214515,1.6153891,0.7287715,,,,
244,0.14498998,0.22252154,0.11511346,0.049108844,0.10103193,0.23826459,0.22160769,0.3195969,0.5040069,0.260415,0.29972076,0.20264538,0.99700606,0.22105731,0.050240763,0.16042154,0.045578077,0.46492958,0.15705691,0.09926654,0.802575,0.08634807,0.17527154,0.84838146,,,,
245,0.0024611538,0.35071963,0.41290268,0.18617538,0.04929577,0.0134584615,0.6796938,0.17028691,0.11384653,0.04226539,0.027010385,0.049358074,0.2098523,0.7551692,0.12543577,0.044903073,0.7716289,0.4043042,0.25874308,0.053480767,0.35534078,0.0024923077,0.012554999,0.8273839,,,,
246,0.62304586,0.1789996,0.27954346,0.048641536,0.072546914,0.57585806,0.028838076,0.5273931,0.6502534,0.12921575,0.20650846,0.17704728,0.4066615,0.030478844,0.6048831,0.7878392,0.27890998,0.32382345,0.9145731,0.007051154,0.47974843,0.09270346,0.4292169,0.12931961,,,,
247,0.6395884,0.5236234,0.5862323,0.034684613,0.28746694,0.43639272,0.10526884,1.6242368,0.5216192,0.44218728,0.03578538,0.8274981,0.10025307,0.19281112,0.93983877,0.39471918,0.285795,0.046689227,0.32989842,0.64045036,0.8475612,0.02950269,1.1262739,0.86799806,,,,
248,0.6496615,0.6952708,0.87361616,1.7337012,0.70440924,0.7644219,2.42622,1.9182255,0.48196036,3.1926045,0.49297845,0.94415885,0.5515373,0.31665808,2.054326,1.4057446,1.5871742,0.4346584,2.0081978,1.9366373,0.25205535,2.0123203,1.6377057,1.7936827,,,,
249,1.1893396,1.3642166,4.1370335,1.26144,1.0645062,0.92631805,0.8141434,0.98534423,0.6966415,1.1813642,1.9673444,3.2330008,0.8300215,2.7370107,2.500044,1.783807,2.6832082,0.93039924,2.0325391,1.4869212,1.7866313,2.5112493,3.2926395,1.3882464,,,,
250,4.1751657,2.5135336,2.8893428,5.4639072,3.142862,4.5119905,3.8733058,3.7226458,2.7890167,3.9600275,4.22523,3.9748464,3.2522535,2.949802,3.1728945,3.071707,4.1919785,2.8186443,2.5030246,4.040041,1.9540626,3.4719298,2.87955,2.1225114,2.802652,3.650576,4.3429914,2.0530384
